5.607664665938935740e-27
4.309453600777906928e-26
1.405101923639253236e-25
2.715517092928933315e-25
4.114863909508483089e-25
5.662983589218934782e-25
7.574257101197678550e-25
1.053500055667627962e-24
1.348344848875836962e-24
1.681572210465980251e-24
2.088095749836698660e-24
2.575135460363406565e-24
3.181786073456390398e-24
3.921200214831330399e-24
4.773730470136431477e-24
5.687224444177744312e-24
6.779003156413768586e-24
8.228890690960865281e-24
9.767498059272737469e-24
1.153729783057600658e-23
1.371496120293744138e-23
1.615441597978897610e-23
1.896376038641382507e-23
2.247703128211298892e-23
2.628730037872208159e-23
3.080614897177869188e-23
3.611048054727526942e-23
4.236252222632543901e-23
4.948235979630614653e-23
5.753945288535116354e-23
6.726725322834116879e-23
7.810381725476237739e-23
9.106461140905042577e-23
1.058750411953895085e-22
1.227846555846326046e-22
1.422805421742463143e-22
1.651273572579239482e-22
1.910287096598811166e-22
2.213765958827455489e-22
2.566133440950359596e-22
2.971646265426410296e-22
3.428194990922309070e-22
3.963489620508044190e-22
4.582349443235022248e-22
5.298585930619751053e-22
6.114920974980077790e-22
7.053733930818794389e-22
8.148272316181822873e-22
9.392734667653466379e-22
1.082512330631249148e-21
1.246603327734927830e-21
1.436197630961261603e-21
1.654391133708037904e-21
1.905249711110003939e-21
2.193617696153049839e-21
2.526734255516949277e-21
2.906480766286062243e-21
3.346305725279337440e-21
3.847657893792157338e-21
4.422622989190839316e-21
5.087987872558254055e-21
5.846885103839541143e-21
6.728000555321958571e-21
7.731749703252147449e-21
8.879963473106704858e-21
1.020869917887935393e-20
1.172279681608950367e-20
1.346402126395314146e-20
1.546348959942749743e-20
1.775800248053653277e-20
2.039211145764738128e-20
2.341616120479361059e-20
2.687930551266739341e-20
3.083588765052964020e-20
3.539741646495080173e-20
4.060766215816245234e-20
4.659912922456951699e-20
5.347586550171916922e-20
6.133932984107054289e-20
7.034595601535104181e-20
8.068726733430956600e-20
9.250644093817999535e-20
1.060554231749052072e-19
1.215871605252793700e-19
1.393860749877126394e-19
1.597404693789977799e-19
1.830920720388575674e-19
2.098029600877510787e-19
2.404660408478094893e-19
2.753561932661965589e-19
3.154667871000974934e-19
3.613105829628284743e-19
4.137383007101511194e-19
4.737443922044786928e-19
5.424065032025806634e-19
6.208816236032857722e-19
7.105837055392503334e-19
8.133177625479440933e-19
9.305163353052014876e-19
1.064499852935771622e-18
1.217593496011250857e-18
1.392603681283586979e-18
1.592339410620062604e-18
1.820403047765248971e-18
2.080585869387129559e-18
2.377911575838970105e-18
2.716839430865326154e-18
3.103395740669693084e-18
3.544327714199951781e-18
4.047006446890240793e-18
4.619637703955770651e-18
5.272888616673866124e-18
6.015963088356994847e-18
6.862669141942273544e-18
7.826169326504506345e-18
8.922993891079277798e-18
1.016977783505318560e-17
1.158770051772654360e-17
1.320149965929676381e-17
1.503212657794504002e-17
1.711137152941043914e-17
1.947319052842375055e-17
2.215447100757667982e-17
2.519465452103615811e-17
2.864194541483207474e-17
3.254968863542043790e-17
3.697544730399503926e-17
4.198981900933969378e-17
4.766370957208073007e-17
5.408174910352833651e-17
6.134009445610103650e-17
6.954944840014932626e-17
7.882241404304450946e-17
8.929231534267578557e-17
1.011164724913263865e-16
1.144569550838421053e-16
1.295058299101449904e-16
1.464755021904286826e-16
1.655933292722951289e-16
1.871442149905180401e-16
2.114014188929344811e-16
2.387131100042338853e-16
2.694501392765118941e-16
3.040221232860316263e-16
3.428836299536964281e-16
3.865600862834866507e-16
4.356019360963863137e-16
4.906353635943380886e-16
5.523299909518917766e-16
6.214143212811576245e-16
6.986896368005414760e-16
7.849061333925328817e-16
8.809063292600735374e-16
9.873998270045820027e-16
1.105079874786078105e-15
1.234354390563089337e-15
1.376624375016591001e-15
1.533608192534921310e-15
1.705245589011471552e-15
1.892444206255560555e-15
2.098203223109820903e-15
2.324640273535174236e-15
2.572402879011330118e-15
2.843071592511693658e-15
3.140155120898478868e-15
3.466728953737598141e-15
3.824164153161697162e-15
4.214942957052306126e-15
4.643631467137313523e-15
5.114264794465692208e-15
5.629573384147398215e-15
6.193369685592833659e-15
6.811542714060598940e-15
7.489677232510268561e-15
8.232347379873507956e-15
9.045344430463505050e-15
9.936250699570161880e-15
1.091338839864181810e-14
1.198338886480343585e-14
1.315503728190805393e-14
1.443857510559126044e-14
1.584585793374120387e-14
1.738763222137859052e-14
1.907559081008445176e-14
2.092481003487769511e-14
2.295193738277608441e-14
2.517379975684427140e-14
2.760673745900416632e-14
3.027081732372615410e-14
3.319053119250240163e-14
3.638964489962091220e-14
3.989462410850514946e-14
4.373198964528654992e-14
4.793830314714939729e-14
5.254471934628555073e-14
5.759079474221667657e-14
6.311831465300535086e-14
6.917481330264327549e-14
7.580891781101557169e-14
8.307642097859480062e-14
9.103584466742368256e-14
9.975718842646968856e-14
1.093111608245398560e-13
1.197741973588548947e-13
1.312383707122536330e-13
1.437942000634721648e-13
1.575532933941276075e-13
1.726231588567314178e-13
1.891283201400110446e-13
2.072104418325367612e-13
2.270244379854151076e-13
2.487150410799575049e-13
2.724879623179856496e-13
2.985215842381598001e-13
3.270481155090972010e-13
3.582901366316460076e-13
3.925158692277340287e-13
4.299992003073511927e-13
4.710679500516912749e-13
5.160581784054239037e-13
5.653337281812996843e-13
6.193147204632435310e-13
6.784524179690895856e-13
7.432386076252453992e-13
8.141895965031299663e-13
8.919289121398268562e-13
9.770678761039284480e-13
1.070341264274730123e-12
1.172515522995882313e-12
1.284452763374304284e-12
1.407045683344208133e-12
1.541352719054372622e-12
1.688466502859455510e-12
1.849640331408168981e-12
2.026206924206567335e-12
2.219591584953037328e-12
2.431441306337103304e-12
2.663488031149807615e-12
2.917692717162810056e-12
3.196196322445061182e-12
3.501282185275695835e-12
3.835415955146882474e-12
4.201463535239897981e-12
4.602581908106876338e-12
5.041752373582358395e-12
5.522889393545005379e-12
6.050039784801609428e-12
6.627375441911940433e-12
7.259887870370691035e-12
7.952738236787984992e-12
8.711936725939338571e-12
9.543279886784717012e-12
1.045412988488104919e-11
1.145193822032634064e-11
1.254455315723802514e-11
1.374214724620490463e-11
1.505382322757379349e-11
1.649047280658222602e-11
1.806396851366772515e-11
1.978792529072247936e-11
2.167669681630722528e-11
2.374548880429760611e-11
2.601067062314586601e-11
2.849344473646871430e-11
3.121217139371042344e-11
3.419202710861035969e-11
3.745502128285064357e-11
4.102926707920734801e-11
4.494491288643419054e-11
4.923385805127978097e-11
5.393245552742743545e-11
5.907824801590801551e-11
6.471711885980936014e-11
7.089174490522878576e-11
7.765820692452037538e-11
8.506880474305080387e-11
9.318686111092231662e-11
1.020793329549254751e-10
1.118204035492023814e-10
1.224908636395254582e-10
1.341796224364586421e-10
1.469835470280250391e-10
1.610088891180240879e-10
1.763727683869966846e-10
1.932029799264339462e-10
2.116386181435052598e-10
2.318331980563377078e-10
2.539545700096158462e-10
2.781863987891528962e-10
3.047302570155812171e-10
3.338064731627165934e-10
3.656565956438713783e-10
4.005454058754009312e-10
4.387626380260586997e-10
4.806256768150405322e-10
5.264822964484545810e-10
5.767134233305067700e-10
6.317361824717363089e-10
6.920076104451753450e-10
7.580282606623938485e-10
8.303462928561271122e-10
9.095622694645923457e-10
9.963338915602574061e-10
1.091381641940217344e-09
1.195494557832001201e-09
1.309536936607284209e-09
1.434455414013425379e-09
1.571286823385533779e-09
1.721166781164798195e-09
1.885339089492776472e-09
2.065166034829042066e-09
2.262139657024381882e-09
2.477894108995163242e-09
2.714219157382610024e-09
2.973075002612469529e-09
3.256608480489992263e-09
3.567170812275755315e-09
3.907337036692252713e-09
4.279927289543624862e-09
4.688030095165710024e-09
5.135027876359923333e-09
5.624624875218645202e-09
6.160877725748759782e-09
6.748228921047659937e-09
7.391543453308797062e-09
8.096148923626602327e-09
8.867879449148420059e-09
9.713123726604183627e-09
1.063887764432416958e-08
1.165280187086209630e-08
1.276328488882409148e-08
1.397951198738803020e-08
1.531154077422941393e-08
1.677038381992630834e-08
1.836809910534842701e-08
2.011788900572348723e-08
2.203420861330819881e-08
2.413288427505318857e-08
2.643124330356786163e-08
2.894825590942200678e-08
3.170469050012547399e-08
3.472328359735640724e-08
3.802892574044688242e-08
4.164886487154751102e-08
4.561292883626814094e-08
4.995376878471312417e-08
5.470712542305591759e-08
5.991212024625719982e-08
6.561157407891576545e-08
7.185235546540429546e-08
7.868576168425314708e-08
8.616793541685096972e-08
9.436032037814338231e-08
1.033301595196033822e-07
1.131510397445758298e-07
1.239034874359145884e-07
1.356756194866660334e-07
1.485638549511472783e-07
1.626736928978417280e-07
1.781205625509225473e-07
1.950307523572583750e-07
2.135424252144557725e-07
2.338067277469244917e-07
2.559890022255776165e-07
2.802701104975783707e-07
3.068478801304717777e-07
3.359386838859764678e-07
3.677791646283014190e-07
4.026281188469079587e-07
4.407685531406219094e-07
4.825099292767904135e-07
5.281906148132019458e-07
5.781805577608312665e-07
6.328842053807504091e-07
6.927436889590444045e-07
7.582422982996332631e-07
8.299082717276217623e-07
9.083189296177665421e-07
9.941051818658997476e-07
1.087956442320229031e-06
1.190625985997845266e-06
1.302936787945886970e-06
1.425787885881677404e-06
1.560161312280223020e-06
1.707129645387264307e-06
1.867864232742235275e-06
2.043644145216285789e-06
2.235865924328243591e-06
2.446054190717155925e-06
2.675873187146097419e-06
2.927139335313550806e-06
3.201834892077614829e-06
3.502122797482711269e-06
3.830362814240749414e-06
4.189129066088540808e-06
4.581229090743252495e-06
5.009724532038769675e-06
5.477953605269665699e-06
5.989555479827457353e-06
6.548496733905847496e-06
7.159100047406769416e-06
7.826075311217698725e-06
8.554553343771888484e-06
9.350122419270769081e-06
1.021886782614776879e-05
1.116741468930611457e-05
1.220297430536418707e-05
1.333339425660253988e-05
1.456721258650620020e-05
1.591371633773283603e-05
1.738300477197052770e-05
1.898605761045907446e-05
2.073480865386678748e-05
2.264222516069360863e-05
2.472239338431823490e-05
2.699061069011838218e-05
2.946348469566156589e-05
3.215903989861386723e-05
3.509683227860253303e-05
3.829807238055079027e-05
4.178575740777720353e-05
4.558481287309238734e-05
4.972224437495832120e-05
5.422730008307344242e-05
5.913164453314757039e-05
6.446954434359413475e-05
7.027806647690470370e-05
7.659728967494424073e-05
8.347052969962733980e-05
9.094457900769560522e-05
9.906996147969221889e-05
1.079012028078903910e-04
1.174971171247454662e-04
1.279211104213966328e-04
1.392415012634981748e-04
1.515318592580073534e-04
1.648713616579150422e-04
1.793451684108764155e-04
1.950448158604612596e-04
2.120686291936605956e-04
2.305221535934161563e-04
2.505186038982620475e-04
2.721793323907861165e-04
2.956343141301572388e-04
3.210226490095167192e-04
3.484930794540889911e-04
3.782045223785328856e-04
4.103266136898161155e-04
4.450402632530523948e-04
4.825382178299554830e-04
5.230256290514923067e-04
5.667206229962912147e-04
6.138548674133460607e-04
6.646741320512906644e-04
7.194388369365740596e-04
7.784245827807825075e-04
8.419226569941170354e-04
9.102405080414361629e-04
9.837021801025970427e-04
1.062648699196839554e-03
1.147438401108225167e-03
1.238447190616341013e-03
1.336068720704607039e-03
1.440714479603068037e-03
1.552813772740752572e-03
1.672813585955074383e-03
1.801178315657856258e-03
1.938389351116046825e-03
2.084944493604282481e-03
2.241357196960508912e-03
2.408155614068063256e-03
2.585881434040317086e-03
2.775088495448748208e-03
2.976341161861803877e-03
3.190212447307971908e-03
3.417281881096087028e-03
3.658133103778520544e-03
3.913351188982236786e-03
4.183519689409770717e-03
4.469217409572931281e-03
4.771014912796233201e-03
5.089470775737288226e-03
5.425127610111019072e-03
5.778507878451705042e-03
6.150109538537852291e-03
6.540401559449239913e-03
6.949819360977907597e-03
7.378760237092122677e-03
7.827578833104578346e-03
8.296582754826361400e-03
8.786028395932399260e-03
9.296117076601750559e-03
9.826991591760741301e-03
1.037873327042806645e-02
1.095135964820963259e-02
1.154482285236779239e-02
1.215900879259296241e-02
1.279373724017915728e-02
1.344876286342218397e-02
1.412377726753025545e-02
1.481841206320231447e-02
1.553224295956776371e-02
1.626479484499362277e-02
1.701554778427523396e-02
1.778394382420993292e-02
1.856939446313501246e-02
1.937128860559095625e-02
2.018900079298911396e-02
2.102189947722797603e-02
2.186935508878983317e-02
2.273074764585513580e-02
2.360547365786722779e-02
2.449295209654129765e-02
2.539262923950640072e-02
2.630398223556068560e-02
2.722652129388354603e-02
2.815979045947115261e-02
2.910336699974912927e-02
3.005685948848078881e-02
3.101990472830314094e-02
3.199216369842510649e-02
3.297331674590318201e-02
3.396305825538112333e-02
3.496109103257414447e-02
3.596712062202789273e-02
3.698084975213704328e-02
3.800197306362106120e-02
3.903017223583602618e-02
4.006511158286173158e-02
4.110643415222801217e-02
4.215375832657853455e-02
4.320667490450601222e-02
4.426474462191989229e-02
4.532749606916543911e-02
4.639442396025318660e-02
4.746498771699088348e-02
4.853861034028024435e-02
4.961467755128393109e-02
5.069253719484785592e-02
5.177149890533581933e-02
5.285083404025683884e-02
5.392977588966030300e-02
5.500752016950784251e-02
5.608322580566499349e-02
5.715601601244622160e-02
5.822497966651258433e-02
5.928917297396064240e-02
6.034762142619349429e-02
6.139932203893616602e-02
6.244324586874106658e-02
6.347834080241665511e-02
6.450353461675253919e-02
6.551773830817932132e-02
6.651984969397541081e-02
6.750875728755423300e-02
6.848334444954881639e-02
6.944249381330079574e-02
7.038509197762632397e-02
7.131003445141249897e-02
7.221623082400788207e-02
7.310261012317685603e-02
7.396812630941698719e-02
7.481176384266496893e-02
7.563254324572735166e-02
7.642952657899027002e-02
7.720182273367778847e-02
7.794859244659507747e-02
7.866905293813114541e-02
7.936248207742259420e-02
8.002822198401160492e-02
8.066568198397228162e-02
8.127434085025805888e-02
8.185374827170996404e-02
8.240352551252826119e-02
8.292336524360321981e-02
8.341303054839183106e-02
8.387235312822097222e-02
8.430123075410446420e-02
8.469962403331743328e-02
8.506755257803487458e-02
8.540509067925379505e-02
8.571236260110749738e-02
8.598953761789318584e-02
8.623682491828282837e-02
8.645446849829160896e-02
8.664274215692993608e-02
8.680194469675549251e-02
8.693239541663561054e-02
8.703442996703686374e-02
8.710839662013138140e-02
8.715465298903157798e-02
8.717356321337832448e-02
8.716549561303399418e-02
8.713082079820425041e-02
8.706991021321308644e-02
8.698313508250767045e-02
8.687086572125582440e-02
8.673347116908719512e-02
8.657131910393876806e-02
8.638477599342388180e-02
8.617420744331918958e-02
8.593997870631969738e-02
8.568245531865327502e-02
8.540200383702625797e-02
8.509899265317021066e-02
8.477379286758772448e-02
8.442677920758279164e-02
8.405833097712159252e-02
8.366883302742830764e-02
8.325867673753961640e-02
8.282826099353041149e-02
8.237799315401182765e-02
8.190828998810543993e-02
8.141957857066817184e-02
8.091229711834733995e-02
8.038689574926710657e-02
7.984383714896622908e-02
7.928359712571977913e-02
7.870666503966899930e-02
7.811354409222746875e-02
7.750475146496577095e-02
7.688081830045283283e-02
7.624228952111895830e-02
7.558972348586240342e-02
7.492369148754744745e-02
7.424477709750562648e-02
7.355357536543767616e-02
7.285069188465223555e-02
7.213674173335810069e-02
7.141234830290564550e-02
7.067814202364355869e-02
6.993475899871207102e-02
6.918283955587861689e-02
6.842302672765816773e-02
6.765596467057988228e-02
6.688229703555750860e-02
6.610266530282320196e-02
6.531770709658436813e-02
6.452805449624586520e-02
6.373433236242974365e-02
6.293715669692075132e-02
6.213713305587063862e-02
6.133485503504108871e-02
6.053090284451461550e-02
5.972584198824157364e-02
5.888727066585269787e-02
5.808251345415463285e-02
5.727822049683697903e-02
5.647488839124291393e-02
5.567299431361028006e-02
5.487299548203254662e-02
5.407532874675542028e-02
5.328041030077049212e-02
5.248863550274415063e-02
5.170037880404562691e-02
5.091599377190760695e-02
5.013581320139091912e-02
4.936014930961998143e-02
4.858929400651516850e-02
4.782351923679709071e-02
4.706307738828663378e-02
4.630820176145217931e-02
4.555910709484187193e-02
4.481599014060180797e-02
4.407903028388616973e-02
4.334839019974135593e-02
4.262421654110155195e-02
4.190664065188432624e-02
4.119577929978939651e-02
4.049173542418936511e-02
3.979459889533520922e-02
3.910444728187113805e-02
3.842134662425306102e-02
3.774535221203567659e-02
3.707650936310186857e-02
3.641485420278002538e-02
3.576041444046521023e-02
3.511321014090565407e-02
3.447325448680652743e-02
3.384055452891996524e-02
3.321511191939374719e-02
3.259692362389212533e-02
3.198598260791751108e-02
3.138227849286261834e-02
3.078579817761269155e-02
3.019652642195986419e-02
2.961444638864644402e-02
2.903954014144649598e-02
2.847178909725426796e-02
2.791117443058678191e-02
2.735767742916574152e-02
2.681127979927757504e-02
2.627196391942671072e-02
2.573971304043748409e-02
2.521451142971917192e-02
2.469634445701564956e-02
2.418519861875818508e-02
2.368106149827107001e-02
2.318392165965178081e-02
2.269376847422831592e-02
2.221059188008832341e-02
2.173438207722678747e-02
2.126512916325819236e-02
2.080282271724075149e-02
2.034745134178574111e-02
1.989900217609068961e-02
1.945746039465270916e-02
1.902280870801733442e-02
1.859502688285205943e-02
1.817409129878576335e-02
1.775997455875473127e-02
1.735264516801781481e-02
1.695206729458241524e-02
1.655820062061009318e-02
1.617100029060121458e-02
1.579041695800096137e-02
1.541639692758109761e-02
1.504888238681447235e-02
1.468781171575566855e-02
1.433311986192828749e-02
1.398473876460266420e-02
1.364259781175568287e-02
1.330662431297261264e-02
1.297674397252403938e-02
1.265288134868110433e-02
1.233496028780755455e-02
1.202290432462729819e-02
1.171663704304423681e-02
1.141608239473462794e-02
1.112116497523503444e-02
1.083180378519226633e-02
1.054794070066107647e-02
1.026949387912588253e-02
9.996392713280684295e-03
9.728568031756533105e-03
9.465952194490236116e-03
9.208479170943780281e-03
8.956084602675539255e-03
8.708705851099399903e-03
8.466282030714779999e-03
8.228754027667511961e-03
7.996064503207814603e-03
7.768157803488744649e-03
7.544980286549970994e-03
7.326479654145331977e-03
7.111889802626950724e-03
6.902692687461900109e-03
6.698017001498720105e-03
6.497816421229551248e-03
6.302045918340796679e-03
6.110661652992734408e-03
5.923620749994858853e-03
5.740881173670794521e-03
5.562401517755317590e-03
5.388140800694310797e-03
5.218058250371787783e-03
5.052113089151171257e-03
4.890264300642549120e-03
4.732326873408451706e-03
4.578580464843863551e-03
4.428797187498252977e-03
4.279542156287844540e-03
4.137767232453984541e-03
3.999818682902864936e-03
3.865648540758266465e-03
3.735207008081001950e-03
3.608392683541690894e-03
3.485266516759121490e-03
3.365703498473314979e-03
3.249646389810337786e-03
3.137035750484858977e-03
3.027809971243473029e-03
2.921878652634736766e-03
2.819238978871914901e-03
2.718135791304812036e-03
2.621970467419451178e-03
2.528851114573030245e-03
2.435976979962607876e-03
2.348832908540697019e-03
2.264505866018285719e-03
2.182921865139114855e-03
2.104007004195653126e-03
2.026668597915758270e-03
1.953014160094180413e-03
1.881796704824553572e-03
1.812944031300359367e-03
1.746371515804565327e-03
1.682041354356002445e-03
1.619148742960490597e-03
1.559167483423378993e-03
1.499460273303776514e-03
1.443554520087439799e-03
1.387667448732710042e-03
1.334974623640363582e-03
1.284679711879986976e-03
1.236115761399640255e-03
1.189192009851073673e-03
1.143839836314861991e-03
1.098315555326967886e-03
1.056188825706778130e-03
1.015498293410593009e-03
9.761755160671669977e-04
9.378273289148411282e-04
9.012192363094242639e-04
8.648038957791107529e-04
8.307431574139957902e-04
7.962918474954494390e-04
7.633810498821544388e-04
7.328868497853285608e-04
7.034327697722612700e-04
6.738394969694514553e-04
6.465258735055346220e-04
6.201543174893723968e-04
5.946504661265778272e-04
5.680992529333226933e-04
5.445365173081423730e-04
5.217676994025439302e-04
4.995693837066782477e-04
4.784388311828678426e-04
4.573862170354567195e-04
4.375174369410666131e-04
4.178611332022825944e-04
3.988316773003893747e-04
3.805444958494440992e-04
3.637593960706810925e-04
3.475260428155139037e-04
3.307478198094848882e-04
3.154668629850635418e-04
3.011100735175738057e-04
2.872312244258042090e-04
2.724636977525246736e-04
2.591371886183912467e-04
2.466193268978825203e-04
2.343208600149724512e-04
2.229861715903196399e-04
2.112555159302153076e-04
2.008228031988950311e-04
1.898761403563456148e-04
1.799619208110133154e-04
1.702789002565813301e-04
1.611085720017549382e-04
1.523371087584683248e-04
1.437350617722637147e-04
1.351548713141162764e-04
1.275056640912663054e-04
1.204271452801936818e-04
1.126536183624655008e-04
1.057265374454290053e-04
9.947151870526317315e-05
9.300558160271320957e-05
8.709518817289683924e-05
8.120770846065796065e-05
7.565828630446975577e-05
7.044173297853851320e-05
6.554722659804643940e-05
6.066838578847987950e-05
5.603183676708885241e-05
5.174932937959319596e-05
4.791035113164699962e-05
4.405386956780161459e-05
4.036218016190940244e-05
3.701173820982512535e-05
3.372411701866172593e-05
3.049926231325310311e-05
2.794744326353975332e-05
2.518306717948971292e-05
2.252046383575115389e-05
2.027696275671387005e-05
1.792796632889132510e-05
1.613518771048493971e-05
1.406656027996656342e-05
1.239636610292073125e-05
1.079291001299832398e-05
9.321415668604480722e-06
8.140868088182676762e-06
6.734298728172617363e-06
5.784164604930277187e-06
4.827028220730290625e-06
3.990927278421386440e-06
3.229361863590821351e-06
2.582211871567578987e-06
2.034493235590693974e-06
1.546194769975301574e-06
1.144001778572514087e-06
8.156323703232213931e-07
5.670998382666043452e-07
3.706772011135528058e-07
2.406360380033939986e-07
1.448990246554577987e-07
7.206621952311194949e-08
3.227886685928583241e-08
1.043206194830994703e-08
2.778219691884957685e-09
2.547654609116082808e-10
1.178678667755028770e-12
1.923724749961898771e-35
0.000000000000000000e+00
0.000000000000000000e+00
0.000000000000000000e+00
0.000000000000000000e+00
0.000000000000000000e+00
0.000000000000000000e+00
0.000000000000000000e+00
0.000000000000000000e+00
0.000000000000000000e+00
0.000000000000000000e+00
0.000000000000000000e+00
0.000000000000000000e+00
0.000000000000000000e+00
0.000000000000000000e+00
0.000000000000000000e+00
0.000000000000000000e+00
0.000000000000000000e+00
0.000000000000000000e+00
0.000000000000000000e+00
0.000000000000000000e+00
0.000000000000000000e+00
0.000000000000000000e+00
0.000000000000000000e+00
0.000000000000000000e+00
0.000000000000000000e+00
0.000000000000000000e+00
0.000000000000000000e+00
0.000000000000000000e+00
0.000000000000000000e+00
0.000000000000000000e+00
0.000000000000000000e+00
0.000000000000000000e+00
0.000000000000000000e+00
0.000000000000000000e+00
0.000000000000000000e+00
0.000000000000000000e+00
0.000000000000000000e+00
0.000000000000000000e+00
0.000000000000000000e+00
0.000000000000000000e+00
0.000000000000000000e+00
0.000000000000000000e+00
0.000000000000000000e+00
0.000000000000000000e+00
0.000000000000000000e+00
0.000000000000000000e+00
0.000000000000000000e+00
0.000000000000000000e+00
0.000000000000000000e+00
0.000000000000000000e+00
0.000000000000000000e+00
0.000000000000000000e+00
0.000000000000000000e+00
0.000000000000000000e+00
0.000000000000000000e+00
0.000000000000000000e+00
0.000000000000000000e+00
0.000000000000000000e+00
0.000000000000000000e+00
0.000000000000000000e+00
0.000000000000000000e+00
0.000000000000000000e+00
0.000000000000000000e+00
0.000000000000000000e+00
0.000000000000000000e+00
0.000000000000000000e+00
0.000000000000000000e+00
0.000000000000000000e+00
0.000000000000000000e+00
0.000000000000000000e+00
0.000000000000000000e+00
0.000000000000000000e+00
0.000000000000000000e+00
0.000000000000000000e+00
0.000000000000000000e+00
0.000000000000000000e+00
0.000000000000000000e+00
0.000000000000000000e+00
0.000000000000000000e+00
0.000000000000000000e+00
0.000000000000000000e+00
0.000000000000000000e+00
0.000000000000000000e+00
0.000000000000000000e+00
0.000000000000000000e+00
0.000000000000000000e+00
0.000000000000000000e+00
0.000000000000000000e+00
0.000000000000000000e+00
0.000000000000000000e+00
0.000000000000000000e+00
0.000000000000000000e+00
0.000000000000000000e+00
0.000000000000000000e+00
0.000000000000000000e+00
0.000000000000000000e+00
0.000000000000000000e+00
0.000000000000000000e+00
0.000000000000000000e+00
0.000000000000000000e+00
0.000000000000000000e+00
0.000000000000000000e+00
0.000000000000000000e+00
0.000000000000000000e+00
